650 0
649.94 3.4031
649.75 6.8044
649.43 10.202
648.98 13.594
648.41 16.979
647.71 20.355
646.88 23.72
645.93 27.073
644.86 30.411
643.65 33.732
642.33 37.036
640.88 40.321
639.31 43.584
637.61 46.823
635.8 50.038
633.86 53.227
631.81 56.387
629.64 59.518
627.35 62.618
624.94 65.684
622.43 68.716
619.79 71.712
617.05 74.671
614.2 77.591
611.23 80.47
608.16 83.308
604.99 86.102
601.71 88.852
598.32 91.556
594.84 94.213
591.26 96.822
587.58 99.381
583.8 101.89
579.94 104.35
575.98 106.75
571.93 109.1
567.79 111.4
563.57 113.64
559.27 115.82
554.89 117.94
550.42 120.01
545.88 122.02
541.27 123.97
536.59 125.86
531.83 127.68
527.01 129.45
522.13 131.15
517.18 132.79
512.17 134.37
507.11 135.88
501.99 137.33
496.82 138.72
491.6 140.04
486.34 141.29
481.02 142.49
475.67 143.61
470.28 144.68
464.85 145.68
459.39 146.61
453.9 147.48
448.37 148.29
442.83 149.03
437.25 149.71
431.66 150.32
426.05 150.87
420.43 151.36
414.79 151.79
409.14 152.16
403.49 152.47
397.83 152.71
392.17 152.9
386.51 153.03
380.85 153.1
375.2 153.11
369.55 153.07
363.92 152.98
358.3 152.83
352.7 152.62
347.11 152.37
341.55 152.07
336 151.71
330.49 151.31
325 150.86
319.54 150.37
314.12 149.83
308.73 149.25
303.38 148.62
298.07 147.96
292.8 147.26
287.57 146.52
282.39 145.75
277.25 144.95
272.17 144.11
267.14 143.24
262.17 142.34
257.24 141.42
252.38 140.47
247.58 139.5
242.84 138.51
238.16 137.5
233.54 136.47
228.99 135.43
224.51 134.37
220.1 133.3
215.76 132.22
211.5 131.13
207.3 130.04
203.18 128.94
199.14 127.85
195.17 126.75
191.29 125.65
187.48 124.56
183.75 123.47
180.1 122.4
176.54 121.33
173.06 120.28
169.66 119.24
166.35 118.22
163.12 117.21
159.98 116.23
156.92 115.27
153.96 114.34
151.07 113.43
148.28 112.55
145.58 111.7
142.96 110.89
140.43 110.11
137.99 109.37
135.63 108.66
133.37 108
131.19 107.38
129.1 106.8
127.1 106.28
125.19 105.79
123.37 105.36
121.63 104.99
119.97 104.66
118.41 104.39
116.93 104.18
115.53 104.03
114.22 103.93
112.99 103.9
111.85 103.93
110.78 104.03
109.8 104.2
108.9 104.43
108.07 104.73
107.33 105.1
106.66 105.55
106.07 106.07
105.55 106.66
105.1 107.33
104.73 108.07
104.43 108.9
104.2 109.8
104.03 110.78
103.93 111.85
103.9 112.99
103.93 114.22
104.03 115.53
104.18 116.93
104.39 118.41
104.66 119.97
104.99 121.63
105.36 123.37
105.79 125.19
106.28 127.1
106.8 129.1
107.38 131.19
108 133.37
108.66 135.63
109.37 137.99
110.11 140.43
110.89 142.96
111.7 145.58
112.55 148.28
113.43 151.07
114.34 153.96
115.27 156.92
116.23 159.98
117.21 163.12
118.22 166.35
119.24 169.66
120.28 173.06
121.33 176.54
122.4 180.1
123.47 183.75
124.56 187.48
125.65 191.29
126.75 195.17
127.85 199.14
128.94 203.18
130.04 207.3
131.13 211.5
132.22 215.76
133.3 220.1
134.37 224.51
135.43 228.99
136.47 233.54
137.5 238.16
138.51 242.84
139.5 247.58
140.47 252.38
141.42 257.24
142.34 262.17
143.24 267.14
144.11 272.17
144.95 277.25
145.75 282.39
146.52 287.57
147.26 292.8
147.96 298.07
148.62 303.38
149.25 308.73
149.83 314.12
150.37 319.54
150.86 325
151.31 330.49
151.71 336
152.07 341.55
152.37 347.11
152.62 352.7
152.83 358.3
152.98 363.92
153.07 369.55
153.11 375.2
153.1 380.85
153.03 386.51
152.9 392.17
152.71 397.83
152.47 403.49
152.16 409.14
151.79 414.79
151.36 420.43
150.87 426.05
150.32 431.66
149.71 437.25
149.03 442.83
148.29 448.37
147.48 453.9
146.61 459.39
145.68 464.85
144.68 470.28
143.61 475.67
142.49 481.02
141.29 486.34
140.04 491.6
138.72 496.82
137.33 501.99
135.88 507.11
134.37 512.17
132.79 517.18
131.15 522.13
129.45 527.01
127.68 531.83
125.86 536.59
123.97 541.27
122.02 545.88
120.01 550.42
117.94 554.89
115.82 559.27
113.64 563.57
111.4 567.79
109.1 571.93
106.75 575.98
104.35 579.94
101.89 583.8
99.381 587.58
96.822 591.26
94.213 594.84
91.556 598.32
88.852 601.71
86.102 604.99
83.308 608.16
80.47 611.23
77.591 614.2
74.671 617.05
71.712 619.79
68.716 622.43
65.684 624.94
62.618 627.35
59.518 629.64
56.387 631.81
53.227 633.86
50.038 635.8
46.823 637.61
43.584 639.31
40.321 640.88
37.036 642.33
33.732 643.65
30.411 644.86
27.073 645.93
23.72 646.88
20.355 647.71
16.979 648.41
13.594 648.98
10.202 649.43
6.8044 649.75
3.4031 649.94
1.8413e-013 650
-3.4031 649.94
-6.8044 649.75
-10.202 649.43
-13.594 648.98
-16.979 648.41
-20.355 647.71
-23.72 646.88
-27.073 645.93
-30.411 644.86
-33.732 643.65
-37.036 642.33
-40.321 640.88
-43.584 639.31
-46.823 637.61
-50.038 635.8
-53.227 633.86
-56.387 631.81
-59.518 629.64
-62.618 627.35
-65.684 624.94
-68.716 622.43
-71.712 619.79
-74.671 617.05
-77.591 614.2
-80.47 611.23
-83.308 608.16
-86.102 604.99
-88.852 601.71
-91.556 598.32
-94.213 594.84
-96.822 591.26
-99.381 587.58
-101.89 583.8
-104.35 579.94
-106.75 575.98
-109.1 571.93
-111.4 567.79
-113.64 563.57
-115.82 559.27
-117.94 554.89
-120.01 550.42
-122.02 545.88
-123.97 541.27
-125.86 536.59
-127.68 531.83
-129.45 527.01
-131.15 522.13
-132.79 517.18
-134.37 512.17
-135.88 507.11
-137.33 501.99
-138.72 496.82
-140.04 491.6
-141.29 486.34
-142.49 481.02
-143.61 475.67
-144.68 470.28
-145.68 464.85
-146.61 459.39
-147.48 453.9
-148.29 448.37
-149.03 442.83
-149.71 437.25
-150.32 431.66
-150.87 426.05
-151.36 420.43
-151.79 414.79
-152.16 409.14
-152.47 403.49
-152.71 397.83
-152.9 392.17
-153.03 386.51
-153.1 380.85
-153.11 375.2
-153.07 369.55
-152.98 363.92
-152.83 358.3
-152.62 352.7
-152.37 347.11
-152.07 341.55
-151.71 336
-151.31 330.49
-150.86 325
-150.37 319.54
-149.83 314.12
-149.25 308.73
-148.62 303.38
-147.96 298.07
-147.26 292.8
-146.52 287.57
-145.75 282.39
-144.95 277.25
-144.11 272.17
-143.24 267.14
-142.34 262.17
-141.42 257.24
-140.47 252.38
-139.5 247.58
-138.51 242.84
-137.5 238.16
-136.47 233.54
-135.43 228.99
-134.37 224.51
-133.3 220.1
-132.22 215.76
-131.13 211.5
-130.04 207.3
-128.94 203.18
-127.85 199.14
-126.75 195.17
-125.65 191.29
-124.56 187.48
-123.47 183.75
-122.4 180.1
-121.33 176.54
-120.28 173.06
-119.24 169.66
-118.22 166.35
-117.21 163.12
-116.23 159.98
-115.27 156.92
-114.34 153.96
-113.43 151.07
-112.55 148.28
-111.7 145.58
-110.89 142.96
-110.11 140.43
-109.37 137.99
-108.66 135.63
-108 133.37
-107.38 131.19
-106.8 129.1
-106.28 127.1
-105.79 125.19
-105.36 123.37
-104.99 121.63
-104.66 119.97
-104.39 118.41
-104.18 116.93
-104.03 115.53
-103.93 114.22
-103.9 112.99
-103.93 111.85
-104.03 110.78
-104.2 109.8
-104.43 108.9
-104.73 108.07
-105.1 107.33
-105.55 106.66
-106.07 106.07
-106.66 105.55
-107.33 105.1
-108.07 104.73
-108.9 104.43
-109.8 104.2
-110.78 104.03
-111.85 103.93
-112.99 103.9
-114.22 103.93
-115.53 104.03
-116.93 104.18
-118.41 104.39
-119.97 104.66
-121.63 104.99
-123.37 105.36
-125.19 105.79
-127.1 106.28
-129.1 106.8
-131.19 107.38
-133.37 108
-135.63 108.66
-137.99 109.37
-140.43 110.11
-142.96 110.89
-145.58 111.7
-148.28 112.55
-151.07 113.43
-153.96 114.34
-156.92 115.27
-159.98 116.23
-163.12 117.21
-166.35 118.22
-169.66 119.24
-173.06 120.28
-176.54 121.33
-180.1 122.4
-183.75 123.47
-187.48 124.56
-191.29 125.65
-195.17 126.75
-199.14 127.85
-203.18 128.94
-207.3 130.04
-211.5 131.13
-215.76 132.22
-220.1 133.3
-224.51 134.37
-228.99 135.43
-233.54 136.47
-238.16 137.5
-242.84 138.51
-247.58 139.5
-252.38 140.47
-257.24 141.42
-262.17 142.34
-267.14 143.24
-272.17 144.11
-277.25 144.95
-282.39 145.75
-287.57 146.52
-292.8 147.26
-298.07 147.96
-303.38 148.62
-308.73 149.25
-314.12 149.83
-319.54 150.37
-325 150.86
-330.49 151.31
-336 151.71
-341.55 152.07
-347.11 152.37
-352.7 152.62
-358.3 152.83
-363.92 152.98
-369.55 153.07
-375.2 153.11
-380.85 153.1
-386.51 153.03
-392.17 152.9
-397.83 152.71
-403.49 152.47
-409.14 152.16
-414.79 151.79
-420.43 151.36
-426.05 150.87
-431.66 150.32
-437.25 149.71
-442.83 149.03
-448.37 148.29
-453.9 147.48
-459.39 146.61
-464.85 145.68
-470.28 144.68
-475.67 143.61
-481.02 142.49
-486.34 141.29
-491.6 140.04
-496.82 138.72
-501.99 137.33
-507.11 135.88
-512.17 134.37
-517.18 132.79
-522.13 131.15
-527.01 129.45
-531.83 127.68
-536.59 125.86
-541.27 123.97
-545.88 122.02
-550.42 120.01
-554.89 117.94
-559.27 115.82
-563.57 113.64
-567.79 111.4
-571.93 109.1
-575.98 106.75
-579.94 104.35
-583.8 101.89
-587.58 99.381
-591.26 96.822
-594.84 94.213
-598.32 91.556
-601.71 88.852
-604.99 86.102
-608.16 83.308
-611.23 80.47
-614.2 77.591
-617.05 74.671
-619.79 71.712
-622.43 68.716
-624.94 65.684
-627.35 62.618
-629.64 59.518
-631.81 56.387
-633.86 53.227
-635.8 50.038
-637.61 46.823
-639.31 43.584
-640.88 40.321
-642.33 37.036
-643.65 33.732
-644.86 30.411
-645.93 27.073
-646.88 23.72
-647.71 20.355
-648.41 16.979
-648.98 13.594
-649.43 10.202
-649.75 6.8044
-649.94 3.4031
-650 7.9602e-014
-649.94 -3.4031
-649.75 -6.8044
-649.43 -10.202
-648.98 -13.594
-648.41 -16.979
-647.71 -20.355
-646.88 -23.72
-645.93 -27.073
-644.86 -30.411
-643.65 -33.732
-642.33 -37.036
-640.88 -40.321
-639.31 -43.584
-637.61 -46.823
-635.8 -50.038
-633.86 -53.227
-631.81 -56.387
-629.64 -59.518
-627.35 -62.618
-624.94 -65.684
-622.43 -68.716
-619.79 -71.712
-617.05 -74.671
-614.2 -77.591
-611.23 -80.47
-608.16 -83.308
-604.99 -86.102
-601.71 -88.852
-598.32 -91.556
-594.84 -94.213
-591.26 -96.822
-587.58 -99.381
-583.8 -101.89
-579.94 -104.35
-575.98 -106.75
-571.93 -109.1
-567.79 -111.4
-563.57 -113.64
-559.27 -115.82
-554.89 -117.94
-550.42 -120.01
-545.88 -122.02
-541.27 -123.97
-536.59 -125.86
-531.83 -127.68
-527.01 -129.45
-522.13 -131.15
-517.18 -132.79
-512.17 -134.37
-507.11 -135.88
-501.99 -137.33
-496.82 -138.72
-491.6 -140.04
-486.34 -141.29
-481.02 -142.49
-475.67 -143.61
-470.28 -144.68
-464.85 -145.68
-459.39 -146.61
-453.9 -147.48
-448.37 -148.29
-442.83 -149.03
-437.25 -149.71
-431.66 -150.32
-426.05 -150.87
-420.43 -151.36
-414.79 -151.79
-409.14 -152.16
-403.49 -152.47
-397.83 -152.71
-392.17 -152.9
-386.51 -153.03
-380.85 -153.1
-375.2 -153.11
-369.55 -153.07
-363.92 -152.98
-358.3 -152.83
-352.7 -152.62
-347.11 -152.37
-341.55 -152.07
-336 -151.71
-330.49 -151.31
-325 -150.86
-319.54 -150.37
-314.12 -149.83
-308.73 -149.25
-303.38 -148.62
-298.07 -147.96
-292.8 -147.26
-287.57 -146.52
-282.39 -145.75
-277.25 -144.95
-272.17 -144.11
-267.14 -143.24
-262.17 -142.34
-257.24 -141.42
-252.38 -140.47
-247.58 -139.5
-242.84 -138.51
-238.16 -137.5
-233.54 -136.47
-228.99 -135.43
-224.51 -134.37
-220.1 -133.3
-215.76 -132.22
-211.5 -131.13
-207.3 -130.04
-203.18 -128.94
-199.14 -127.85
-195.17 -126.75
-191.29 -125.65
-187.48 -124.56
-183.75 -123.47
-180.1 -122.4
-176.54 -121.33
-173.06 -120.28
-169.66 -119.24
-166.35 -118.22
-163.12 -117.21
-159.98 -116.23
-156.92 -115.27
-153.96 -114.34
-151.07 -113.43
-148.28 -112.55
-145.58 -111.7
-142.96 -110.89
-140.43 -110.11
-137.99 -109.37
-135.63 -108.66
-133.37 -108
-131.19 -107.38
-129.1 -106.8
-127.1 -106.28
-125.19 -105.79
-123.37 -105.36
-121.63 -104.99
-119.97 -104.66
-118.41 -104.39
-116.93 -104.18
-115.53 -104.03
-114.22 -103.93
-112.99 -103.9
-111.85 -103.93
-110.78 -104.03
-109.8 -104.2
-108.9 -104.43
-108.07 -104.73
-107.33 -105.1
-106.66 -105.55
-106.07 -106.07
-105.55 -106.66
-105.1 -107.33
-104.73 -108.07
-104.43 -108.9
-104.2 -109.8
-104.03 -110.78
-103.93 -111.85
-103.9 -112.99
-103.93 -114.22
-104.03 -115.53
-104.18 -116.93
-104.39 -118.41
-104.66 -119.97
-104.99 -121.63
-105.36 -123.37
-105.79 -125.19
-106.28 -127.1
-106.8 -129.1
-107.38 -131.19
-108 -133.37
-108.66 -135.63
-109.37 -137.99
-110.11 -140.43
-110.89 -142.96
-111.7 -145.58
-112.55 -148.28
-113.43 -151.07
-114.34 -153.96
-115.27 -156.92
-116.23 -159.98
-117.21 -163.12
-118.22 -166.35
-119.24 -169.66
-120.28 -173.06
-121.33 -176.54
-122.4 -180.1
-123.47 -183.75
-124.56 -187.48
-125.65 -191.29
-126.75 -195.17
-127.85 -199.14
-128.94 -203.18
-130.04 -207.3
-131.13 -211.5
-132.22 -215.76
-133.3 -220.1
-134.37 -224.51
-135.43 -228.99
-136.47 -233.54
-137.5 -238.16
-138.51 -242.84
-139.5 -247.58
-140.47 -252.38
-141.42 -257.24
-142.34 -262.17
-143.24 -267.14
-144.11 -272.17
-144.95 -277.25
-145.75 -282.39
-146.52 -287.57
-147.26 -292.8
-147.96 -298.07
-148.62 -303.38
-149.25 -308.73
-149.83 -314.12
-150.37 -319.54
-150.86 -325
-151.31 -330.49
-151.71 -336
-152.07 -341.55
-152.37 -347.11
-152.62 -352.7
-152.83 -358.3
-152.98 -363.92
-153.07 -369.55
-153.11 -375.2
-153.1 -380.85
-153.03 -386.51
-152.9 -392.17
-152.71 -397.83
-152.47 -403.49
-152.16 -409.14
-151.79 -414.79
-151.36 -420.43
-150.87 -426.05
-150.32 -431.66
-149.71 -437.25
-149.03 -442.83
-148.29 -448.37
-147.48 -453.9
-146.61 -459.39
-145.68 -464.85
-144.68 -470.28
-143.61 -475.67
-142.49 -481.02
-141.29 -486.34
-140.04 -491.6
-138.72 -496.82
-137.33 -501.99
-135.88 -507.11
-134.37 -512.17
-132.79 -517.18
-131.15 -522.13
-129.45 -527.01
-127.68 -531.83
-125.86 -536.59
-123.97 -541.27
-122.02 -545.88
-120.01 -550.42
-117.94 -554.89
-115.82 -559.27
-113.64 -563.57
-111.4 -567.79
-109.1 -571.93
-106.75 -575.98
-104.35 -579.94
-101.89 -583.8
-99.381 -587.58
-96.822 -591.26
-94.213 -594.84
-91.556 -598.32
-88.852 -601.71
-86.102 -604.99
-83.308 -608.16
-80.47 -611.23
-77.591 -614.2
-74.671 -617.05
-71.712 -619.79
-68.716 -622.43
-65.684 -624.94
-62.618 -627.35
-59.518 -629.64
-56.387 -631.81
-53.227 -633.86
-50.038 -635.8
-46.823 -637.61
-43.584 -639.31
-40.321 -640.88
-37.036 -642.33
-33.732 -643.65
-30.411 -644.86
-27.073 -645.93
-23.72 -646.88
-20.355 -647.71
-16.979 -648.41
-13.594 -648.98
-10.202 -649.43
-6.8044 -649.75
-3.4031 -649.94
-1.194e-013 -650
3.4031 -649.94
6.8044 -649.75
10.202 -649.43
13.594 -648.98
16.979 -648.41
20.355 -647.71
23.72 -646.88
27.073 -645.93
30.411 -644.86
33.732 -643.65
37.036 -642.33
40.321 -640.88
43.584 -639.31
46.823 -637.61
50.038 -635.8
53.227 -633.86
56.387 -631.81
59.518 -629.64
62.618 -627.35
65.684 -624.94
68.716 -622.43
71.712 -619.79
74.671 -617.05
77.591 -614.2
80.47 -611.23
83.308 -608.16
86.102 -604.99
88.852 -601.71
91.556 -598.32
94.213 -594.84
96.822 -591.26
99.381 -587.58
101.89 -583.8
104.35 -579.94
106.75 -575.98
109.1 -571.93
111.4 -567.79
113.64 -563.57
115.82 -559.27
117.94 -554.89
120.01 -550.42
122.02 -545.88
123.97 -541.27
125.86 -536.59
127.68 -531.83
129.45 -527.01
131.15 -522.13
132.79 -517.18
134.37 -512.17
135.88 -507.11
137.33 -501.99
138.72 -496.82
140.04 -491.6
141.29 -486.34
142.49 -481.02
143.61 -475.67
144.68 -470.28
145.68 -464.85
146.61 -459.39
147.48 -453.9
148.29 -448.37
149.03 -442.83
149.71 -437.25
150.32 -431.66
150.87 -426.05
151.36 -420.43
151.79 -414.79
152.16 -409.14
152.47 -403.49
152.71 -397.83
152.9 -392.17
153.03 -386.51
153.1 -380.85
153.11 -375.2
153.07 -369.55
152.98 -363.92
152.83 -358.3
152.62 -352.7
152.37 -347.11
152.07 -341.55
151.71 -336
151.31 -330.49
150.86 -325
150.37 -319.54
149.83 -314.12
149.25 -308.73
148.62 -303.38
147.96 -298.07
147.26 -292.8
146.52 -287.57
145.75 -282.39
144.95 -277.25
144.11 -272.17
143.24 -267.14
142.34 -262.17
141.42 -257.24
140.47 -252.38
139.5 -247.58
138.51 -242.84
137.5 -238.16
136.47 -233.54
135.43 -228.99
134.37 -224.51
133.3 -220.1
132.22 -215.76
131.13 -211.5
130.04 -207.3
128.94 -203.18
127.85 -199.14
126.75 -195.17
125.65 -191.29
124.56 -187.48
123.47 -183.75
122.4 -180.1
121.33 -176.54
120.28 -173.06
119.24 -169.66
118.22 -166.35
117.21 -163.12
116.23 -159.98
115.27 -156.92
114.34 -153.96
113.43 -151.07
112.55 -148.28
111.7 -145.58
110.89 -142.96
110.11 -140.43
109.37 -137.99
108.66 -135.63
108 -133.37
107.38 -131.19
106.8 -129.1
106.28 -127.1
105.79 -125.19
105.36 -123.37
104.99 -121.63
104.66 -119.97
104.39 -118.41
104.18 -116.93
104.03 -115.53
103.93 -114.22
103.9 -112.99
103.93 -111.85
104.03 -110.78
104.2 -109.8
104.43 -108.9
104.73 -108.07
105.1 -107.33
105.55 -106.66
106.07 -106.07
106.66 -105.55
107.33 -105.1
108.07 -104.73
108.9 -104.43
109.8 -104.2
110.78 -104.03
111.85 -103.93
112.99 -103.9
114.22 -103.93
115.53 -104.03
116.93 -104.18
118.41 -104.39
119.97 -104.66
121.63 -104.99
123.37 -105.36
125.19 -105.79
127.1 -106.28
129.1 -106.8
131.19 -107.38
133.37 -108
135.63 -108.66
137.99 -109.37
140.43 -110.11
142.96 -110.89
145.58 -111.7
148.28 -112.55
151.07 -113.43
153.96 -114.34
156.92 -115.27
159.98 -116.23
163.12 -117.21
166.35 -118.22
169.66 -119.24
173.06 -120.28
176.54 -121.33
180.1 -122.4
183.75 -123.47
187.48 -124.56
191.29 -125.65
195.17 -126.75
199.14 -127.85
203.18 -128.94
207.3 -130.04
211.5 -131.13
215.76 -132.22
220.1 -133.3
224.51 -134.37
228.99 -135.43
233.54 -136.47
238.16 -137.5
242.84 -138.51
247.58 -139.5
252.38 -140.47
257.24 -141.42
262.17 -142.34
267.14 -143.24
272.17 -144.11
277.25 -144.95
282.39 -145.75
287.57 -146.52
292.8 -147.26
298.07 -147.96
303.38 -148.62
308.73 -149.25
314.12 -149.83
319.54 -150.37
325 -150.86
330.49 -151.31
336 -151.71
341.55 -152.07
347.11 -152.37
352.7 -152.62
358.3 -152.83
363.92 -152.98
369.55 -153.07
375.2 -153.11
380.85 -153.1
386.51 -153.03
392.17 -152.9
397.83 -152.71
403.49 -152.47
409.14 -152.16
414.79 -151.79
420.43 -151.36
426.05 -150.87
431.66 -150.32
437.25 -149.71
442.83 -149.03
448.37 -148.29
453.9 -147.48
459.39 -146.61
464.85 -145.68
470.28 -144.68
475.67 -143.61
481.02 -142.49
486.34 -141.29
491.6 -140.04
496.82 -138.72
501.99 -137.33
507.11 -135.88
512.17 -134.37
517.18 -132.79
522.13 -131.15
527.01 -129.45
531.83 -127.68
536.59 -125.86
541.27 -123.97
545.88 -122.02
550.42 -120.01
554.89 -117.94
559.27 -115.82
563.57 -113.64
567.79 -111.4
571.93 -109.1
575.98 -106.75
579.94 -104.35
583.8 -101.89
587.58 -99.381
591.26 -96.822
594.84 -94.213
598.32 -91.556
601.71 -88.852
604.99 -86.102
608.16 -83.308
611.23 -80.47
614.2 -77.591
617.05 -74.671
619.79 -71.712
622.43 -68.716
624.94 -65.684
627.35 -62.618
629.64 -59.518
631.81 -56.387
633.86 -53.227
635.8 -50.038
637.61 -46.823
639.31 -43.584
640.88 -40.321
642.33 -37.036
643.65 -33.732
644.86 -30.411
645.93 -27.073
646.88 -23.72
647.71 -20.355
648.41 -16.979
648.98 -13.594
649.43 -10.202
649.75 -6.8044
649.94 -3.4031